
Line   OP   L   M
   0   jmp  0   25
   1   jmp  0   2
   2   inc  0   5
   3   lod  1   5
   4   sto  0   4
   5   lod  1   5
   6   lit  0   1
   7   opr  0   3
   8   sto  1   5
   9   lod  1   5
  10   lit  0   0
  11   opr  0   8
  12   jpc  0   15
  13   lit  0   1
  14   sto  1   4
  15   lod  1   5
  16   lit  0   0
  17   opr  0   12
  18   jpc  0   20
  19   cal  1   1
  20   lod  1   4
  21   lod  0   4
  22   opr  0   4
  23   sto  1   4
  24   opr  0   0
  25   inc  0   6
  26   lit  0   3
  27   sto  0   5
  28   cal  0   1
  29   lod  0   4
  30   soi  0   1
  31   opr  0   0

                  pc  bp  sp  Stack
Initial Values     0   1   0  
  0 jmp   0  25   25   1   0  
 25 inc   0   6   26   1   6  0 0 0 0 0 0 
 26 lit   0   3   27   1   7  0 0 0 0 0 0 3 
 27 sto   0   5   28   1   6  0 0 0 0 0 3 
 28 cal   0   1    1   7   6  0 0 0 0 0 3 
  1 jmp   0   2    2   7   6  0 0 0 0 0 3 
  2 inc   0   5    3   7  11  0 0 0 0 0 3 | 0 1 1 29 0 
  3 lod   1   5    4   7  12  0 0 0 0 0 3 | 0 1 1 29 0 3 
  4 sto   0   4    5   7  11  0 0 0 0 0 3 | 0 1 1 29 3 
  5 lod   1   5    6   7  12  0 0 0 0 0 3 | 0 1 1 29 3 3 
  6 lit   0   1    7   7  13  0 0 0 0 0 3 | 0 1 1 29 3 3 1 
  7 opr   0   3    8   7  12  0 0 0 0 0 3 | 0 1 1 29 3 2 
  8 sto   1   5    9   7  11  0 0 0 0 0 2 | 0 1 1 29 3 
  9 lod   1   5   10   7  12  0 0 0 0 0 2 | 0 1 1 29 3 2 
 10 lit   0   0   11   7  13  0 0 0 0 0 2 | 0 1 1 29 3 2 0 
 11 opr   0   8   12   7  12  0 0 0 0 0 2 | 0 1 1 29 3 0 
 12 jpc   0  15   15   7  11  0 0 0 0 0 2 | 0 1 1 29 3 
 15 lod   1   5   16   7  12  0 0 0 0 0 2 | 0 1 1 29 3 2 
 16 lit   0   0   17   7  13  0 0 0 0 0 2 | 0 1 1 29 3 2 0 
 17 opr   0  12   18   7  12  0 0 0 0 0 2 | 0 1 1 29 3 1 
 18 jpc   0  20   19   7  11  0 0 0 0 0 2 | 0 1 1 29 3 
 19 cal   1   1    1  12  11  0 0 0 0 0 2 | 0 1 1 29 3 
  1 jmp   0   2    2  12  11  0 0 0 0 0 2 | 0 1 1 29 3 
  2 inc   0   5    3  12  16  0 0 0 0 0 2 | 0 1 1 29 3 | 0 1 7 20 0 
  3 lod   1   5    4  12  17  0 0 0 0 0 2 | 0 1 1 29 3 | 0 1 7 20 0 2 
  4 sto   0   4    5  12  16  0 0 0 0 0 2 | 0 1 1 29 3 | 0 1 7 20 2 
  5 lod   1   5    6  12  17  0 0 0 0 0 2 | 0 1 1 29 3 | 0 1 7 20 2 2 
  6 lit   0   1    7  12  18  0 0 0 0 0 2 | 0 1 1 29 3 | 0 1 7 20 2 2 1 
  7 opr   0   3    8  12  17  0 0 0 0 0 2 | 0 1 1 29 3 | 0 1 7 20 2 1 
  8 sto   1   5    9  12  16  0 0 0 0 0 1 | 0 1 1 29 3 | 0 1 7 20 2 
  9 lod   1   5   10  12  17  0 0 0 0 0 1 | 0 1 1 29 3 | 0 1 7 20 2 1 
 10 lit   0   0   11  12  18  0 0 0 0 0 1 | 0 1 1 29 3 | 0 1 7 20 2 1 0 
 11 opr   0   8   12  12  17  0 0 0 0 0 1 | 0 1 1 29 3 | 0 1 7 20 2 0 
 12 jpc   0  15   15  12  16  0 0 0 0 0 1 | 0 1 1 29 3 | 0 1 7 20 2 
 15 lod   1   5   16  12  17  0 0 0 0 0 1 | 0 1 1 29 3 | 0 1 7 20 2 1 
 16 lit   0   0   17  12  18  0 0 0 0 0 1 | 0 1 1 29 3 | 0 1 7 20 2 1 0 
 17 opr   0  12   18  12  17  0 0 0 0 0 1 | 0 1 1 29 3 | 0 1 7 20 2 1 
 18 jpc   0  20   19  12  16  0 0 0 0 0 1 | 0 1 1 29 3 | 0 1 7 20 2 
 19 cal   1   1    1  17  16  0 0 0 0 0 1 | 0 1 1 29 3 | 0 1 7 20 2 
  1 jmp   0   2    2  17  16  0 0 0 0 0 1 | 0 1 1 29 3 | 0 1 7 20 2 
  2 inc   0   5    3  17  21  0 0 0 0 0 1 | 0 1 1 29 3 | 0 1 7 20 2 | 0 1 12 20 0 
  3 lod   1   5    4  17  22  0 0 0 0 0 1 | 0 1 1 29 3 | 0 1 7 20 2 | 0 1 12 20 0 1 
  4 sto   0   4    5  17  21  0 0 0 0 0 1 | 0 1 1 29 3 | 0 1 7 20 2 | 0 1 12 20 1 
  5 lod   1   5    6  17  22  0 0 0 0 0 1 | 0 1 1 29 3 | 0 1 7 20 2 | 0 1 12 20 1 1 
  6 lit   0   1    7  17  23  0 0 0 0 0 1 | 0 1 1 29 3 | 0 1 7 20 2 | 0 1 12 20 1 1 1 
  7 opr   0   3    8  17  22  0 0 0 0 0 1 | 0 1 1 29 3 | 0 1 7 20 2 | 0 1 12 20 1 0 
  8 sto   1   5    9  17  21  0 0 0 0 0 0 | 0 1 1 29 3 | 0 1 7 20 2 | 0 1 12 20 1 
  9 lod   1   5   10  17  22  0 0 0 0 0 0 | 0 1 1 29 3 | 0 1 7 20 2 | 0 1 12 20 1 0 
 10 lit   0   0   11  17  23  0 0 0 0 0 0 | 0 1 1 29 3 | 0 1 7 20 2 | 0 1 12 20 1 0 0 
 11 opr   0   8   12  17  22  0 0 0 0 0 0 | 0 1 1 29 3 | 0 1 7 20 2 | 0 1 12 20 1 1 
 12 jpc   0  15   13  17  21  0 0 0 0 0 0 | 0 1 1 29 3 | 0 1 7 20 2 | 0 1 12 20 1 
 13 lit   0   1   14  17  22  0 0 0 0 0 0 | 0 1 1 29 3 | 0 1 7 20 2 | 0 1 12 20 1 1 
 14 sto   1   4   15  17  21  0 0 0 0 1 0 | 0 1 1 29 3 | 0 1 7 20 2 | 0 1 12 20 1 
 15 lod   1   5   16  17  22  0 0 0 0 1 0 | 0 1 1 29 3 | 0 1 7 20 2 | 0 1 12 20 1 0 
 16 lit   0   0   17  17  23  0 0 0 0 1 0 | 0 1 1 29 3 | 0 1 7 20 2 | 0 1 12 20 1 0 0 
 17 opr   0  12   18  17  22  0 0 0 0 1 0 | 0 1 1 29 3 | 0 1 7 20 2 | 0 1 12 20 1 0 
 18 jpc   0  20   20  17  21  0 0 0 0 1 0 | 0 1 1 29 3 | 0 1 7 20 2 | 0 1 12 20 1 
 20 lod   1   4   21  17  22  0 0 0 0 1 0 | 0 1 1 29 3 | 0 1 7 20 2 | 0 1 12 20 1 1 
 21 lod   0   4   22  17  23  0 0 0 0 1 0 | 0 1 1 29 3 | 0 1 7 20 2 | 0 1 12 20 1 1 1 
 22 opr   0   4   23  17  22  0 0 0 0 1 0 | 0 1 1 29 3 | 0 1 7 20 2 | 0 1 12 20 1 1 
 23 sto   1   4   24  17  21  0 0 0 0 1 0 | 0 1 1 29 3 | 0 1 7 20 2 | 0 1 12 20 1 
 24 opr   0   0   20  12  16  0 0 0 0 1 0 | 0 1 1 29 3 | 0 1 7 20 2 
 20 lod   1   4   21  12  17  0 0 0 0 1 0 | 0 1 1 29 3 | 0 1 7 20 2 | 1 
 21 lod   0   4   22  12  18  0 0 0 0 1 0 | 0 1 1 29 3 | 0 1 7 20 2 | 1 2 
 22 opr   0   4   23  12  17  0 0 0 0 1 0 | 0 1 1 29 3 | 0 1 7 20 2 | 2 
 23 sto   1   4   24  12  16  0 0 0 0 2 0 | 0 1 1 29 3 | 0 1 7 20 2 
 24 opr   0   0   20   7  11  0 0 0 0 2 0 | 0 1 1 29 3 
 20 lod   1   4   21   7  12  0 0 0 0 2 0 | 0 1 1 29 3 | 2 
 21 lod   0   4   22   7  13  0 0 0 0 2 0 | 0 1 1 29 3 | 2 3 
 22 opr   0   4   23   7  12  0 0 0 0 2 0 | 0 1 1 29 3 | 6 
 23 sto   1   4   24   7  11  0 0 0 0 6 0 | 0 1 1 29 3 
 24 opr   0   0   29   1   6  0 0 0 0 6 0 
 29 lod   0   4   30   1   7  0 0 0 0 6 0 | 6 
 30 soi   0   1   31   1   6  0 0 0 0 6 0 
 31 opr   0   0    0   0   0  
